,predictions,true
0,0.11956632,1.0
1,0.2182957,0.0
2,0.15276307,0.0
3,0.8576155,1.0
4,0.6934619,1.0
5,0.9445106,1.0
6,0.69049215,1.0
7,0.073785186,0.0
8,0.76697075,1.0
9,0.85335165,1.0
10,0.37317038,0.0
11,0.02311331,0.0
12,0.49754262,0.0
13,0.1464485,0.0
14,0.19352406,0.0
15,0.91542196,1.0
16,0.35056686,1.0
17,0.6904649,1.0
18,0.237571,0.0
19,0.36021668,0.0
20,0.12953621,0.0
21,0.39652795,1.0
22,0.61312306,1.0
23,0.15245467,0.0
24,0.09597027,0.0
25,0.1031487,0.0
26,0.40343773,0.0
27,0.21808046,1.0
28,0.13822001,0.0
29,0.6012833,0.0
30,0.15855163,0.0
31,0.64098144,1.0
32,0.4487823,0.0
33,0.60632837,0.0
34,0.16428614,1.0
35,0.11255497,0.0
36,0.42968187,1.0
37,0.69049215,1.0
38,0.95630515,1.0
39,0.09656966,0.0
40,0.202088,0.0
41,0.05375594,0.0
42,0.09655571,0.0
43,0.19905943,0.0
44,0.5980981,0.0
45,0.19015211,0.0
46,0.1584894,0.0
47,0.13504362,0.0
48,0.12973827,0.0
49,0.29611987,0.0
50,0.7128252,1.0
51,0.8516596,1.0
52,0.0834741,0.0
53,0.43806115,1.0
54,0.015451491,0.0
55,0.90366846,1.0
56,0.21340162,0.0
57,0.9711196,1.0
58,0.7610288,1.0
59,0.74875736,1.0
60,0.14700615,0.0
61,0.81794304,1.0
62,0.76023895,1.0
63,0.41466993,0.0
64,0.19905943,0.0
65,0.6809218,0.0
66,0.2697783,0.0
67,0.10026306,0.0
68,0.19483298,0.0
69,0.8980422,1.0
70,0.72863007,0.0
71,0.87997425,1.0
72,0.46386528,1.0
73,0.9061508,1.0
74,0.13537043,0.0
75,0.016788542,0.0
76,0.6872748,0.0
77,0.87911975,1.0
78,0.7464964,0.0
79,0.57118964,0.0
80,-0.010232806,0.0
81,0.77409685,1.0
82,0.9274112,1.0
83,0.19906223,0.0
84,0.3389672,0.0
85,0.28951252,0.0
86,0.94742364,1.0
87,0.9582119,1.0
88,0.35733652,0.0
89,0.09662825,0.0
90,0.25698978,1.0
91,0.5675392,0.0
92,0.28456086,0.0
93,0.1990642,0.0
94,0.09656966,0.0
95,0.10614431,0.0
96,0.3232193,1.0
97,0.017921746,1.0
98,0.7530252,1.0
99,0.11200029,0.0
100,0.2665087,0.0
101,0.06959534,0.0
102,0.91975915,1.0
103,0.054202914,0.0
104,0.0924834,0.0
105,0.07419723,0.0
106,0.6894529,1.0
107,0.34921932,0.0
108,0.09489477,1.0
109,0.405917,1.0
110,0.92417455,1.0
111,0.15002841,0.0
112,0.9463579,1.0
113,0.3875835,1.0
114,0.56417966,0.0
115,0.15230757,0.0
116,0.27776724,0.0
117,0.23897785,0.0
118,0.7436892,1.0
119,0.5062872,0.0
120,0.17930132,0.0
121,0.9614217,1.0
122,0.8433471,1.0
123,0.4049631,1.0
124,0.12385589,0.0
125,0.4230096,1.0
126,0.88151556,1.0
127,0.5104251,0.0
128,0.6065825,0.0
129,0.14694083,0.0
130,0.6904478,1.0
131,0.11956632,1.0
132,0.22555035,0.0
133,0.75048673,1.0
134,0.35454696,1.0
135,0.68690413,1.0
136,0.9531614,1.0
137,0.10028702,0.0
138,0.033520997,0.0
139,0.6196506,0.0
140,0.14684987,0.0
141,0.707244,0.0
142,0.23271143,0.0
143,0.14230227,0.0
144,0.5562836,0.0
145,0.7058237,1.0
146,0.22296613,0.0
147,0.045651972,0.0
148,0.9414184,1.0
149,0.028297782,0.0
150,0.14784199,0.0
151,0.12963176,0.0
152,0.16434628,0.0
153,0.6417355,1.0
154,0.09655571,0.0
155,0.09664631,0.0
156,0.09214127,1.0
157,0.6904793,1.0
158,0.7340576,1.0
159,0.659358,0.0
160,0.18391609,0.0
161,0.41517487,1.0
162,0.178689,0.0
163,0.9469357,1.0
164,0.19889611,0.0
165,0.27531552,0.0
166,0.25713468,0.0
167,0.9241117,1.0
168,0.14117426,0.0
169,0.06960213,0.0
170,0.45306668,1.0
171,0.7536125,1.0
172,0.3876653,1.0
173,0.7327565,0.0
174,0.1702643,0.0
175,0.14819288,0.0
176,0.50276256,1.0
177,0.81164086,1.0
178,0.7210746,1.0
