,predictions,true
0,0.08172673,1.0
1,0.25106525,0.0
2,0.14636159,0.0
3,0.8740841,1.0
4,0.68892956,1.0
5,0.97120214,1.0
6,0.6920722,1.0
7,0.08846247,0.0
8,0.7592335,1.0
9,0.94545853,1.0
10,0.3549253,0.0
11,0.028747141,0.0
12,0.47531453,0.0
13,0.13782996,0.0
14,0.22750968,0.0
15,0.98515517,1.0
16,0.33020332,1.0
17,0.69210255,1.0
18,0.27163303,0.0
19,0.34616193,0.0
20,0.12674004,0.0
21,0.40014985,1.0
22,0.622357,1.0
23,0.1468594,0.0
24,0.10132855,0.0
25,0.041053414,0.0
26,0.411945,0.0
27,0.25202262,1.0
28,0.07046902,0.0
29,0.60420966,0.0
30,0.15125299,0.0
31,0.64829314,1.0
32,0.46358526,0.0
33,0.6104709,0.0
34,0.15621465,1.0
35,0.114622295,0.0
36,0.43299273,1.0
37,0.6920722,1.0
38,0.97403044,1.0
39,0.09879953,0.0
40,0.24284881,0.0
41,0.061217725,0.0
42,0.098858595,0.0
43,0.18026847,0.0
44,0.55889714,0.0
45,0.075519085,0.0
46,0.15135354,0.0
47,0.1321516,0.0
48,0.12641615,0.0
49,0.31652838,0.0
50,0.6754731,1.0
51,0.78869486,1.0
52,-0.064588726,0.0
53,0.46807957,1.0
54,0.007202506,0.0
55,0.9707973,1.0
56,0.24616265,0.0
57,0.9389269,1.0
58,0.7472795,1.0
59,0.74457514,1.0
60,0.14140153,0.0
61,0.8345963,1.0
62,0.74282855,1.0
63,0.420996,0.0
64,0.18026847,0.0
65,0.63540155,0.0
66,0.32421646,0.0
67,0.102219105,0.0
68,0.14091551,0.0
69,0.8435898,1.0
70,0.7326678,0.0
71,1.0001646,1.0
72,0.48145407,1.0
73,0.8892307,1.0
74,0.13162667,0.0
75,0.030156136,0.0
76,0.6881458,0.0
77,0.98040366,1.0
78,0.7295082,0.0
79,0.5199843,0.0
80,-0.0045660734,0.0
81,0.7726742,1.0
82,0.90398896,1.0
83,0.18026364,0.0
84,0.33464265,0.0
85,0.2683062,0.0
86,0.9599503,1.0
87,0.98395973,1.0
88,0.37037244,0.0
89,0.09855223,0.0
90,0.1651833,1.0
91,0.5183684,0.0
92,0.2699896,0.0
93,0.18026048,0.0
94,0.09879953,0.0
95,0.10711372,0.0
96,0.30057552,1.0
97,0.0238446,1.0
98,0.7393134,1.0
99,0.112032235,0.0
100,0.25286132,0.0
101,0.07251632,0.0
102,1.0102818,1.0
103,0.05777979,0.0
104,0.0949322,0.0
105,0.08110738,0.0
106,0.6690097,1.0
107,0.34099224,0.0
108,0.097938776,1.0
109,0.4132007,1.0
110,0.9021011,1.0
111,0.14365178,0.0
112,0.95707214,1.0
113,0.39024416,1.0
114,0.4959963,0.0
115,0.14709717,0.0
116,0.26261955,0.0
117,0.26822412,0.0
118,0.753427,1.0
119,0.43043974,0.0
120,0.1893354,0.0
121,0.9815692,1.0
122,0.7487807,1.0
123,0.3661291,1.0
124,0.12159014,0.0
125,0.4360096,1.0
126,0.8381769,1.0
127,0.5100999,0.0
128,0.61319494,0.0
129,0.14150685,0.0
130,0.6921217,1.0
131,0.08172673,1.0
132,0.25342214,0.0
133,0.73344666,1.0
134,0.33832282,1.0
135,0.6852572,1.0
136,1.006096,1.0
137,0.10218078,0.0
138,0.038360894,0.0
139,0.6310683,0.0
140,0.14165366,0.0
141,0.66438705,0.0
142,0.26673043,0.0
143,0.18690145,0.0
144,0.5548293,0.0
145,0.69593614,1.0
146,0.25692523,0.0
147,0.07947439,0.0
148,0.9790592,1.0
149,0.033649743,0.0
150,0.13987464,0.0
151,0.12658685,0.0
152,0.15611732,0.0
153,0.6576686,1.0
154,0.098858595,0.0
155,0.098475695,0.0
156,0.11741042,1.0
157,0.6920866,1.0
158,0.7036078,1.0
159,0.62310994,0.0
160,0.16969842,0.0
161,0.42123535,1.0
162,0.21280187,0.0
163,0.95441705,1.0
164,0.18053967,0.0
165,0.282533,0.0
166,0.29028606,0.0
167,0.9020484,1.0
168,0.13654524,0.0
169,0.07248759,0.0
170,0.48897016,1.0
171,0.78762823,1.0
172,0.39028242,1.0
173,0.69500995,0.0
174,0.16076303,0.0
175,0.13930506,0.0
176,0.43838978,1.0
177,0.8315054,1.0
178,0.6793174,1.0
